1520621179287029760.000000 1.108873725 1.120328546 -0.632325709 0.010160300 0.044293173 0.995860636 0.078716509
1520621181086877952.000000 0.424847066 1.197161913 -0.476912141 0.043573275 0.033113301 0.985188246 0.162503883
1520621183837821696.000000 2.290882587 1.211950183 -0.829620242 0.016662808 0.130787298 0.991209030 -0.010979322
1520621184087829504.000000 2.175424576 1.044831157 -0.893686414 -0.014023091 0.159079105 0.987142920 -0.006686900
1520621184438182144.000000 1.877739549 0.851068974 -0.892857909 -0.036224939 0.166979581 0.982354462 0.076052099
1520621187287216128.000000 1.191544771 1.514206171 -0.689221323 0.077950902 0.106890567 0.982900739 0.128072575
1520621188038209280.000000 1.937943578 1.385776997 -0.535517931 0.005718435 0.053578075 0.982911587 -0.176010951
1520621190937289216.000000 1.648271203 1.198188901 -0.653389275 0.012609729 0.131399646 0.989558816 -0.057851419
1520621193887368448.000000 1.685055614 1.075589299 -0.317612171 -0.033704370 -0.001995866 0.999420464 0.004194870
1520621196237941248.000000 1.133268356 0.999641240 -0.353982687 0.022659509 0.119292900 0.990682721 0.061662618
1520621196687675136.000000 1.148582101 0.990716517 -0.256879419 0.010706808 -0.250943065 0.967542410 0.027815973
1520621197087266048.000000 1.120720506 1.057698488 -0.363692969 0.010616574 0.099782661 0.993513405 0.053484250
1520621197537578240.000000 0.962822855 1.067233682 -0.390017152 0.014617207 0.155973509 0.986629665 0.044937402
1520621197838082816.000000 0.805896461 1.033599138 -0.296154946 0.049566399 -0.213400096 0.973878980 0.059686694
1520621198237303040.000000 0.648662329 1.005264282 -0.341409385 0.027106505 0.000598690 0.992489636 0.119283281
1520621198437308928.000000 0.622253835 0.992685080 -0.413597107 -0.000315233 0.272211909 0.951829612 0.141138464
1520621198887620096.000000 0.690738559 0.985738337 -0.352297753 0.043529313 -0.060338419 0.988597631 0.130912796
1520621199338024192.000000 0.948710978 0.970279634 -0.335622132 0.029163813 -0.032017227 0.994674444 0.093521833
1520621199787779328.000000 1.245437264 0.965061128 -0.392876297 0.018069113 0.082301795 0.995589912 -0.041229695
1520621200337702912.000000 1.419381499 1.008385539 -0.384011179 -0.022510499 0.027116152 0.983860672 -0.175429091
1520621200787630848.000000 1.475220799 1.076013803 -0.412588716 0.027702188 -0.054700058 0.992275596 0.107836835
1520621201287455744.000000 1.659841180 1.157384634 -0.569873452 0.051772021 -0.031881917 0.997968674 0.018999640
1520621201737476352.000000 1.978086472 1.276111841 -0.656900346 0.007154547 -0.019939292 0.999751449 -0.006902858
1520621202037662976.000000 2.181675911 1.401377201 -0.719254732 0.009791963 -0.003050971 0.997987807 -0.062565424
1520621202638236928.000000 2.598709583 1.762022853 -0.750907660 -0.000674053 0.014479169 0.980316520 -0.196897715
1520621203138750208.000000 2.827919960 2.177905798 -0.749651372 0.027542109 0.032302625 0.987674773 -0.150652006
1520621203589359616.000000 2.969834566 2.620911837 -0.767369390 0.005243110 0.040532205 0.983655989 -0.175356165
1520621204089514496.000000 3.109932184 3.095078945 -0.777380526 -0.014737792 -0.017378986 0.983759880 -0.178035006
1520621204489445376.000000 3.177246094 3.433141470 -0.761766672 -0.022350417 -0.010912934 0.988379061 -0.149957761
1520621205039232512.000000 3.287249327 3.870846748 -0.741451383 -0.019061435 -0.007840788 0.953582466 -0.300424606
1520621205538818304.000000 3.538867712 4.194172382 -0.735619426 0.004792024 -0.040326718 0.888212979 -0.457632720
1520621205989074944.000000 3.822437286 4.403885841 -0.744270623 0.011487133 0.036596581 -0.825484872 0.563118100
1520621206339902208.000000 4.095432281 4.545614243 -0.756480992 -0.004626264 0.008479832 -0.771483481 0.636174798
1520621206741336832.000000 4.581870556 4.652143002 -0.851598203 -0.042180292 -0.011172463 -0.765578568 0.641859889
1520621207091377664.000000 5.218130589 4.737143993 -0.811576068 -0.050216597 0.027287850 -0.755585849 0.652550578
1520621207540075264.000000 6.252821445 4.749762535 -0.806142032 -0.002171789 0.008555783 -0.717192471 0.696818113
1520621207790083328.000000 6.923372746 4.827824116 -0.795612454 -0.002355732 0.000032057 -0.755424738 0.655230224
1520621208139131136.000000 7.962754726 4.849399567 -0.800594509 0.021940436 -0.006335107 -0.713745296 0.700031996
1520621208340983808.000000 8.585252762 4.881667137 -0.805968106 0.029999319 0.012582832 -0.726598978 0.686290324
1520621208640996608.000000 9.523922920 5.025774002 -0.782974958 -0.016400548 0.028692959 -0.763437212 0.645034850
1520621208844714240.000000 10.201014519 5.049510479 -0.816557407 0.010883879 0.015747156 -0.721281886 0.692376316
1520621209094722304.000000 11.035109520 5.089002609 -0.800216734 0.014642859 0.027973952 -0.715118468 0.698288918
1520621209344507136.000000 11.854075432 5.236118793 -0.778891385 -0.040459394 0.031423729 -0.743855953 0.666372955
1520621209743277824.000000 13.244275093 5.314933300 -0.755333066 -0.030132260 0.038494512 -0.703145742 0.709362566
1520621210039826432.000000 14.273309708 5.438527107 -0.730230451 -0.009962256 0.007352045 -0.743080020 0.669087350
1520621210239832576.000000 14.970905304 5.515503407 -0.740111172 0.002464097 0.043833449 -0.729372680 0.682705760
1520621210539518208.000000 15.972142220 5.572516918 -0.737663686 -0.011406359 0.038802844 -0.714604676 0.698357642
1520621210842194432.000000 16.946296692 5.726852894 -0.773454487 -0.040845122 0.022685045 -0.747606277 0.662495971
1520621211142204416.000000 17.939888000 5.809364319 -0.792876005 -0.021573851 0.012772092 -0.709294081 0.704466105
1520621211389854208.000000 18.766502380 5.881731510 -0.787107170 -0.003110347 0.028944530 -0.721732557 0.691559017
1520621211589860352.000000 19.414384842 5.985053062 -0.762197256 -0.038324118 0.025975039 -0.744783521 0.665697396
1520621211841178880.000000 20.236000061 6.037186623 -0.798037946 0.022146812 0.019249737 -0.716383815 0.697088301
1520621212046808320.000000 20.892595291 6.063521862 -0.778067172 -0.010526605 0.032032952 -0.721435368 0.691659868
1520621212296816128.000000 21.694059372 6.169516087 -0.792984962 -0.009361207 0.014531306 -0.749151468 0.662172377
1520621212546824192.000000 22.514162064 6.236419201 -0.806631088 0.038583815 0.034332469 -0.706849813 0.705474734
1520621212796831232.000000 23.325193405 6.288415909 -0.767496824 0.005870690 0.048753507 -0.684268773 0.727573931
1520621213045886208.000000 24.094165802 6.418455601 -0.759353459 0.002838792 0.044342171 -0.729023516 0.683044076
1520621213392095744.000000 25.161846161 6.524078369 -0.790588796 -0.006232469 0.011377099 -0.698778152 0.715220034
1520621213592101632.000000 25.780225754 6.573136806 -0.796304047 -0.024979254 0.036445666 -0.708141923 0.704685509
1520621213889572608.000000 26.676473618 6.722218037 -0.766876340 -0.034219839 0.029095188 -0.740166783 0.670920551
1520621214140560640.000000 27.440671921 6.754710197 -0.788857818 -0.010593140 0.007474367 -0.701366961 0.712681532
1520621214390567680.000000 28.180015564 6.819349766 -0.816949606 -0.010178740 0.017355066 -0.727971911 0.685310483
1520621214691323136.000000 29.058368683 6.955390930 -0.780174553 -0.040223338 0.023881784 -0.742798448 0.667877734
1520621214939596800.000000 29.816907883 6.972819805 -0.772753417 -0.034811329 0.016880717 -0.700469613 0.712631822
1520621215239605760.000000 30.713045120 7.059457779 -0.793414533 -0.001739038 0.038447663 -0.740222991 0.671257913
1520621215440774400.000000 31.283555984 7.151262760 -0.784987926 -0.046932790 0.038360499 -0.739062309 0.670903325
1520621215690782208.000000 32.013416290 7.181898594 -0.804225862 -0.043005545 0.017529171 -0.704826474 0.707857072
1520621215893362688.000000 32.607807159 7.218382835 -0.831236601 -0.033308871 0.005633708 -0.712959170 0.700390399
1520621216144752640.000000 33.318481445 7.326090336 -0.782294750 -0.035633858 0.002673173 -0.752568781 0.657542288
1520621216394760448.000000 34.057601929 7.374300957 -0.788960755 -0.015818842 0.018051133 -0.711422682 0.702353597
1520621216645746944.000000 34.789512634 7.414908409 -0.804443002 -0.033240132 -0.002085148 -0.709222436 0.704196513
1520621216942623488.000000 35.611507416 7.560107708 -0.798213243 -0.049148627 0.006951513 -0.732466817 0.678989768
1520621217192631552.000000 36.277774811 7.630307198 -0.798978984 -0.038523473 0.012881319 -0.711302638 0.701710165
1520621217439958528.000000 36.875774384 7.686326027 -0.815775752 0.002985380 0.037092377 -0.728692830 0.683827996
1520621217739967488.000000 37.428634644 7.808138371 -0.786347628 0.007030205 0.057019290 -0.769057035 0.636591971
1520621218241469184.000000 37.941738129 7.843683243 -0.742303908 0.001972792 0.066897914 -0.744386256 0.664385915
1520621218742037760.000000 37.984928131 7.859138489 -0.764586329 -0.002161370 0.023932546 -0.746650875 0.664781034
1520621219242218752.000000 37.724514008 7.890954494 -0.775995195 -0.039166749 0.004923910 -0.729312003 0.683040798
1520621219592397824.000000 37.532310486 7.849787712 -0.760094941 -0.028824041 0.023585889 -0.717661083 0.695394993
1520621219942108672.000000 37.326229095 7.779491425 -0.772360623 -0.022271048 -0.022612022 -0.704244673 0.709246874
1520621220291389696.000000 37.128131866 7.761616707 -0.775842547 -0.011161832 -0.034274846 -0.712781012 0.700459003
1520621220690559744.000000 36.913375854 7.740364075 -0.784691572 0.008761985 -0.043985125 -0.744647920 0.665947974
1520621220890566912.000000 36.830543518 7.707581520 -0.782430887 -0.002020434 -0.051971838 -0.773425758 0.631748259
1520621221240093440.000000 36.734996796 7.645257473 -0.765552938 -0.009662155 -0.042818747 -0.823980033 0.564915180
1520621221589974528.000000 36.697734833 7.609651566 -0.766783476 0.004900911 0.056118757 0.907890499 -0.415404528
1520621221890137088.000000 36.703334808 7.584043980 -0.777128339 -0.008074041 0.063143715 0.963485897 -0.260080457
1520621222240148224.000000 36.689640045 7.612713337 -0.792312384 0.002771481 0.077401429 0.995120108 -0.061126985
1520621222640805632.000000 36.650951385 7.723773956 -0.793091774 0.013207429 0.057947755 0.982380152 0.177189857
1520621222991707392.000000 36.616615295 7.774110317 -0.781646848 -0.005112174 0.047931299 0.921291947 0.385871649
1520621223342846976.000000 36.590675354 7.776046753 -0.786474884 -0.032741126 0.062354047 0.815029860 0.575121820
1520621223644986624.000000 36.494674683 7.750573158 -0.802483916 -0.030113284 0.082734324 0.737442017 0.669646382
1520621224046681600.000000 36.154865265 7.705558300 -0.837298393 -0.033709846 0.075441569 0.701318026 0.708042622
1520621224347193088.000000 35.780540466 7.685976505 -0.834570765 -0.038671073 0.061910130 0.716759801 0.693488240
1520621224747205120.000000 35.121322632 7.592434883 -0.854599893 -0.026844725 0.059020963 0.668978155 0.740448058
1520621225097216256.000000 34.426158905 7.520455360 -0.828544140 0.003602717 0.034787040 0.718284428 0.694869339
1520621225496154624.000000 33.589145660 7.424791813 -0.824341118 0.001310870 0.053897459 0.700485528 0.711626649
1520621225743659264.000000 33.044517517 7.327578545 -0.788422883 -0.011921832 0.067119040 0.729276240 0.680814207
1520621226042253824.000000 32.324626923 7.282401562 -0.776530683 -0.022619950 0.040088810 0.781929910 0.621663630
1520621226440754944.000000 31.349710464 7.108256817 -0.752445400 0.004068732 0.047373030 0.714414895 0.698104382
1520621226690763008.000000 30.687154770 7.032539368 -0.780755162 0.003177329 0.044607375 0.733135223 0.678610384
1520621226939828480.000000 30.006433487 6.972112179 -0.769597232 0.010063853 0.059211813 0.734671533 0.675758421
1520621227241664768.000000 29.187213898 6.833063126 -0.750118434 0.010399343 0.060857721 0.703077555 0.708427370
1520621227541674752.000000 28.342617035 6.784670353 -0.759151459 -0.004468538 0.058944207 0.735979915 0.674416900
1520621227892092416.000000 27.329067230 6.668223858 -0.744679272 0.028736137 0.057269257 0.686780751 0.724034369
1520621228090368256.000000 26.731140137 6.605379105 -0.748659492 0.015337348 0.045624651 0.714942038 0.697524130
1520621228441737216.000000 25.662233353 6.580325127 -0.732286930 0.015351891 0.050909940 0.747837484 0.661748111
1520621228691745280.000000 24.920618057 6.466106892 -0.712960005 0.019459290 0.041405980 0.704223931 0.708501577
1520621229046452992.000000 23.850444794 6.375747681 -0.739862978 0.018848140 0.043624271 0.748507857 0.661420107
1520621229247346176.000000 23.232515335 6.305547237 -0.746559381 0.034075711 0.030041898 0.741721749 0.669166565
1520621229547355136.000000 22.319328308 6.151530743 -0.736027360 0.036289949 0.065287806 0.722983181 0.686814904
1520621229797363200.000000 21.556392670 6.112078667 -0.755629897 -0.000122456 0.028366949 0.767551243 0.640358567
1520621230044345600.000000 20.809366226 6.035574436 -0.784313023 0.037654560 0.024550935 0.754318416 0.654967248
1520621230344354560.000000 19.884384155 5.880848885 -0.741241992 0.050180510 0.031351633 0.731112838 0.679685175
1520621230590481920.000000 19.112392426 5.855411053 -0.720607877 0.018321441 0.043913219 0.781975985 0.621488869
1520621230840572160.000000 18.332792282 5.773846626 -0.755148590 0.041858867 0.015678881 0.750183523 0.659716189
1520621231140582144.000000 17.387702942 5.614425659 -0.729780555 0.048208646 0.011742224 0.746622205 0.663394451
1520621231342120704.000000 16.734169006 5.590974331 -0.720968366 0.024354428 0.047740445 0.790104091 0.610624194
1520621231639947520.000000 15.779580116 5.489702702 -0.756385148 0.034021728 0.033171538 0.759805739 0.648410320
1520621231839954432.000000 15.151868820 5.395493507 -0.752460301 0.016475080 0.052758206 0.758506656 0.649316132
1520621232091159296.000000 14.348941803 5.355731964 -0.758669198 0.001568706 0.024241000 0.789907873 0.612743378
1520621232341166336.000000 13.535863876 5.273173809 -0.779943049 0.042925540 0.020602508 0.760044575 0.648123324
1520621232546534400.000000 12.903466225 5.164091110 -0.729813039 0.030542610 0.047276136 0.730536342 0.680549324
1520621232846544384.000000 11.958955765 5.131038189 -0.736257195 0.007498980 0.002807689 0.784291506 0.620339572
1520621233147257856.000000 11.038605690 5.062969685 -0.764385462 0.043679193 0.007906329 0.748309076 0.661862254
1520621233443259136.000000 10.167957306 4.965052605 -0.759922802 0.048895814 0.022420086 0.747787893 0.661753953
1520621233741419776.000000 9.280788422 4.970209599 -0.716762245 0.023126205 0.010080322 0.780195713 0.625025332
1520621233991427840.000000 8.555234909 4.875937462 -0.724511445 0.058327116 0.031651516 0.750393689 0.657650352
1520621234239798784.000000 7.824169636 4.792081833 -0.741505563 0.050196879 0.002246435 0.771782160 0.633897364
1520621234489805824.000000 7.086864471 4.777310371 -0.709182441 0.024150919 0.013913300 0.797281384 0.602962434
1520621234691036672.000000 6.493548870 4.700487614 -0.752824128 0.025979595 0.006248262 0.757261276 0.652564228
1520621234891065600.000000 5.928304195 4.594497204 -0.725064874 0.013925483 0.027561711 0.738159955 0.673917472
1520621235141858816.000000 5.210285187 4.562996864 -0.732132614 0.000305987 -0.000791239 0.789769769 0.613401651
1520621235390322432.000000 4.519736767 4.515632153 -0.722081661 0.059641656 -0.031892199 0.784947693 0.615858495
1520621235690331392.000000 3.760807037 4.361554623 -0.710332751 0.048832059 0.024292976 0.760587513 0.646939218
1520621235941441280.000000 3.167573929 4.316709518 -0.731081605 0.016108938 -0.003893801 0.794881999 0.606536448
1520621236197007872.000000 2.630318165 4.261011600 -0.758577466 0.064011626 -0.030098567 0.777521610 0.624863923
1520621236497016832.000000 2.094089270 4.145634651 -0.735778868 0.034159258 -0.007035485 0.747012496 0.663893521
1520621236797466624.000000 1.624150634 4.106007099 -0.745370030 0.006763114 0.010075563 0.774562299 0.632379889
1520621237096884992.000000 1.202614069 4.083916187 -0.770335972 0.021522248 0.002552821 0.784586728 0.619638801
1520621237397485568.000000 0.883482099 4.027706146 -0.715603232 0.035074353 -0.012083142 0.748945355 0.661591232
1520621237697495552.000000 0.596668839 3.994918108 -0.756933272 0.024863854 -0.021432623 0.757508039 0.651998818
1520621237997600768.000000 0.459389269 4.007757187 -0.706885159 0.058777407 -0.025193973 0.777352154 0.625805557
1520621238547010560.000000 0.602131724 4.051749229 -0.733072877 0.040353473 0.001594096 0.751950502 0.657980144
1520621238897173504.000000 0.810286939 4.104970455 -0.737166286 0.021097913 0.021768803 0.724027932 0.689103067
1520621239197638912.000000 1.004858255 4.121078491 -0.730098963 0.021895558 0.009529545 0.711348295 0.702432930
1520621239497667072.000000 1.244682908 4.126347542 -0.741389751 0.010159717 0.017685700 0.718280673 0.695453465
1520621239897678080.000000 1.564451575 4.157281399 -0.752997339 -0.016004300 0.016899705 0.696839392 0.716847956
1520621240347692288.000000 1.966293335 4.243517399 -0.757503092 -0.025022704 0.014486586 0.651858151 0.757788599
1520621240747705088.000000 2.326761723 4.252204895 -0.757256508 -0.007503880 0.012408628 0.628050923 0.778036296
1520621241047715072.000000 2.597507238 4.246228218 -0.766288996 -0.032049522 0.018804401 0.618433893 0.784956992
1520621241447727104.000000 2.870495796 4.261229992 -0.761022568 -0.034800425 0.007036280 0.590483546 0.806267500
1520621241797738240.000000 3.082416773 4.293663025 -0.783105731 -0.039961766 0.037971437 0.597407460 0.800040245
1520621242147043072.000000 3.225713491 4.271330357 -0.765292227 -0.041220408 0.031441621 0.564259827 0.823967040
1520621242596143104.000000 3.289188147 4.121151447 -0.764229178 -0.047893740 0.011467565 0.418518484 0.906871498
1520621242992981760.000000 3.341234207 3.885534286 -0.758737326 -0.032209545 0.008170125 0.286320835 0.957556784
1520621243340579840.000000 3.368822813 3.678322792 -0.759113669 -0.038754478 0.013086041 0.183880314 0.982096672
1520621243689568768.000000 3.371971369 3.405107021 -0.781717300 -0.051574260 0.030985076 0.124040373 0.990450799
1520621244239397888.000000 3.361067772 2.905713081 -0.796519637 -0.051861499 0.018991327 0.069230191 0.996070087
1520621244740218368.000000 3.214863300 2.423313618 -0.770880222 -0.040218122 0.058105968 0.143710122 0.987092972
1520621245090169344.000000 3.019844770 2.101019144 -0.757635713 -0.051437572 0.049590271 0.142748460 0.987176180
1520621245440180736.000000 2.786316156 1.799655676 -0.754388988 -0.027566234 0.038522433 0.162128538 0.985631406
1520621245839946496.000000 2.472214222 1.497410536 -0.737937987 -0.021291567 0.042928200 0.249719188 0.967131317
1520621246239583488.000000 2.106606960 1.274147511 -0.764775813 -0.054078307 0.093873508 0.290536493 0.950710714
1520621246639456256.000000 1.778436780 1.082596064 -0.742928028 -0.011403329 0.059948202 0.272932857 0.960095167
1520621247039288064.000000 1.475375772 0.884090543 -0.738092899 -0.029821167 0.045268971 0.277439922 0.959211707
1520621248938957312.000000 1.409587264 0.576753736 -0.374819309 -0.013705994 0.028735962 -0.302811235 0.952517867
1520621250739129088.000000 0.985522389 0.706569970 -0.424588829 0.018627044 0.028397888 -0.366651177 0.929737508
1520621253339153664.000000 1.232353926 0.657548070 -0.426626146 0.015537097 0.034195293 0.023684988 0.999013066
1520621255239164928.000000 1.476615071 0.698932767 -0.413869381 -0.065435983 0.016901931 -0.399270117 0.914338231
1520621256589282304.000000 1.597719550 0.435861915 -0.370723814 0.027433213 -0.013861534 -0.371405452 0.927961230
1520621257489371392.000000 1.720165253 0.463874757 -0.428953379 -0.011560996 -0.165882483 0.254414439 0.952691674
1520621258789412608.000000 1.851972103 0.502496362 -0.454178900 0.052083533 -0.105010450 0.223873064 0.967543125
1520621259789281536.000000 1.945529819 0.468394578 -0.482097775 0.014366058 0.138737291 -0.263165742 0.954614282
1520621261139752704.000000 0.467309773 0.500150084 -0.586798608 -0.030644944 0.019689769 0.109863147 0.993278623
1520621261639453952.000000 0.297375560 0.506019831 -0.338127106 0.018896949 -0.040245935 0.133557677 0.990042865
1520621262089329920.000000 0.630625188 0.594099343 -0.289554387 0.062498137 -0.043921195 0.107322872 0.991284966
1520621262539386368.000000 1.131795168 0.757112622 -0.582268417 -0.044119950 -0.062965624 0.012794044 0.996957541
1520621263089537024.000000 1.868089199 1.012735844 -0.832146168 -0.004764680 -0.049791463 -0.144198909 0.988283396
1520621263539738880.000000 2.399765253 1.135895252 -0.649754107 -0.105333783 0.025738632 -0.254256696 0.961038589
1520621263989844480.000000 2.509413242 0.849138618 -0.375408977 -0.037396159 0.048681408 -0.195580274 0.978764176
1520621264489587712.000000 2.396367788 0.423236221 -0.234948963 0.030063242 0.007764008 -0.159721047 0.986673474
1520621264989460992.000000 2.095501661 0.168239191 -0.435530007 0.037806511 -0.002781070 -0.128783211 0.990947664
1520621265389622528.000000 1.714556575 0.200220197 -0.677396953 -0.015694169 -0.050415277 -0.154889241 0.986519456
1520621265839989760.000000 1.198875189 0.508562863 -0.852039337 -0.096433513 -0.051274955 -0.121592656 0.986552715
1520621266290146048.000000 0.657858372 0.812204361 -0.903042436 -0.129113451 -0.017033301 -0.071049064 0.988934338
1520621267289811456.000000 0.562477827 0.848723173 -0.389923930 0.031286526 -0.081279762 0.040808722 0.995363712
1520621267839767552.000000 1.212148786 0.796197355 -0.631668150 -0.096524388 -0.002606205 -0.165954411 0.981394470
1520621268339879680.000000 1.571915030 0.637360513 -0.656661391 -0.114884652 0.039246764 -0.209542885 0.970233262
1520621268840071680.000000 1.647101641 0.437145531 -0.619116068 -0.003314520 0.007026279 -0.078323938 0.996897519
1520621269289766912.000000 1.646656990 0.339081407 -0.640734911 -0.011084615 -0.002453217 -0.016372878 0.999801338
1520621269739915264.000000 1.642066121 0.295179904 -0.661184192 -0.018106721 -0.006742408 -0.013635824 0.999720156
1520621270239974912.000000 1.642907739 0.256957382 -0.610924304 -0.003326263 0.002326608 -0.015043503 0.999878526
1520621270789954048.000000 1.640302658 0.246735796 -0.592697859 0.008155952 -0.006183871 -0.018900197 0.999768913
1520621271339889152.000000 1.640401602 0.255961955 -0.581783056 0.015218603 -0.009596528 -0.037640631 0.999129236
1520621271839895552.000000 1.633697629 0.263189018 -0.592265606 0.006839821 -0.011956661 -0.043364182 0.998964310
