1520621180936959744.000000 0.017770072 -0.037612729 0.057284903 0.050967161 -0.031383093 0.997340739 -0.041578352
1520621183887823616.000000 1.770403385 -0.643153787 -0.358782202 0.031537570 0.132086024 0.976009548 -0.170184851
1520621186687118848.000000 0.228714958 -0.050138135 0.103888780 0.056596305 -0.021054611 0.977806091 0.200617477
1520621189487222272.000000 0.338533580 -0.340080112 -0.117770657 0.057618078 0.120362014 0.989222229 0.060259763
1520621191987161856.000000 0.935948133 -0.408842504 0.251278549 -0.034684032 -0.038752515 0.996106625 -0.071172081
1520621193537245440.000000 0.845371604 -0.473448455 0.202974319 -0.014750354 -0.001377962 0.979090095 0.202883422
1520621196487667968.000000 0.640269995 -0.479924977 0.217079371 -0.012372618 -0.209154412 0.970161915 -0.122008696
1520621197037264128.000000 0.646631420 -0.410553306 0.137420118 0.022494692 0.061944779 0.991950870 -0.108115926
1520621197537578240.000000 0.495983958 -0.344105750 0.098283798 0.039282884 0.150643647 0.981371880 -0.112567768
1520621197988087808.000000 0.266884834 -0.326182544 0.209563971 0.003656541 -0.275414437 0.957385957 -0.086859681
1520621198487310848.000000 0.150509104 -0.307618231 0.063795261 0.041910496 0.300320715 0.952891290 -0.006939146
1520621198988013056.000000 0.255267560 -0.356440395 0.170315221 0.021753956 -0.196818709 0.979637861 -0.033131864
1520621199537367296.000000 0.578150213 -0.481739491 0.092412598 0.045685560 0.179190785 0.980511487 -0.066329062
1520621199987786240.000000 0.813639820 -0.558667064 0.112372026 -0.022040421 0.027719032 0.905168295 -0.423574328
1520621200537711872.000000 0.936339915 -0.516169310 0.107489422 -0.009114443 -0.053129207 0.992336929 -0.111177951
1520621201087449600.000000 1.071897507 -0.478641808 -0.001290694 0.054216754 -0.085408188 0.990300357 -0.095237553
1520621201587471360.000000 1.411347508 -0.470199078 -0.154267728 0.017687971 -0.000268256 0.986986756 -0.159822389
1520621202087663872.000000 1.794626832 -0.393563449 -0.244706661 0.012098700 0.008307601 0.972956896 -0.230518043
1520621202437800448.000000 2.097794294 -0.282503456 -0.247222573 -0.014812372 0.011941248 0.945268750 -0.325736016
1520621202838242816.000000 2.412160158 -0.084300816 -0.286167145 0.027206784 0.025501914 0.937536538 -0.345880717
1520621203188752128.000000 2.633800745 0.161847338 -0.262424469 0.030318914 0.020046929 0.952671230 -0.301819593
1520621203539358720.000000 2.845826149 0.454449415 -0.280851960 0.017865170 0.036254201 0.946692228 -0.319592386
1520621203889507328.000000 3.046386957 0.734007597 -0.271093309 -0.006547224 -0.009438025 0.934490442 -0.355801135
1520621204239518464.000000 3.224108696 1.010867357 -0.264552921 -0.024907440 -0.029682079 0.947744071 -0.316668034
1520621204589448448.000000 3.362483263 1.263095617 -0.273198545 -0.024733296 -0.012910705 0.943233490 -0.330954850
1520621204939228416.000000 3.510682583 1.510274649 -0.247212052 -0.018056449 -0.015026620 0.900159240 -0.434925616
1520621205588819456.000000 3.925161839 1.799633503 -0.233781278 0.008324744 0.050620649 -0.797636509 0.600951374
1520621205939072768.000000 4.181026936 1.878813386 -0.245642364 0.018285556 0.035419695 -0.732663572 0.679421484
1520621206239082752.000000 4.425941944 1.940889239 -0.254092574 0.002067419 0.025188651 -0.676159978 0.736320078
1520621206539908096.000000 4.736539841 1.921530485 -0.301967353 -0.008684671 -0.009020785 -0.643047988 0.765722513
1520621206841340672.000000 5.171935081 1.865762472 -0.371205032 -0.037325989 0.009543573 -0.650074124 0.758892655
1520621207191374080.000000 5.832167625 1.701906443 -0.333535701 -0.011785914 0.037080303 -0.604364157 0.795756817
1520621207540075264.000000 6.602414131 1.458659887 -0.306223631 0.000088161 0.010164140 -0.596454144 0.802582026
1520621207890086144.000000 7.540556908 1.252737522 -0.278382599 0.004244374 0.013141188 -0.633044004 0.773991764
1520621208189134080.000000 8.387351990 0.973213077 -0.282980621 0.008660778 -0.001004218 -0.594204783 0.804265857
1520621208490987776.000000 9.302826881 0.777272403 -0.299055219 0.018429402 0.023038922 -0.647410214 0.761569500
1520621208794712320.000000 10.268797874 0.555097818 -0.313116848 0.015629333 0.031256504 -0.614483476 0.788154602
1520621209094722304.000000 11.227577209 0.276513577 -0.290863156 0.019891858 0.026414996 -0.594642937 0.803308725
1520621209394508032.000000 12.217941284 0.125168398 -0.269758135 -0.034393433 0.042176846 -0.625424147 0.778383970
1520621209743277824.000000 13.386316299 -0.203561798 -0.243243888 -0.022550091 0.044086419 -0.581212759 0.812242746
1520621210089827584.000000 14.567420959 -0.439949036 -0.202755988 -0.017155997 0.014132400 -0.625082135 0.780241728
1520621210439515392.000000 15.713077545 -0.733878374 -0.205819339 -0.019213319 0.025624322 -0.591393888 0.805745840
1520621210689523200.000000 16.511945724 -0.905809462 -0.264096171 0.009814904 0.023246255 -0.622307837 0.782364964
1520621210942198272.000000 17.315521240 -1.037164092 -0.256984860 -0.018142927 0.042493224 -0.617176056 0.785466433
1520621211239849216.000000 18.256395340 -1.283004880 -0.228348240 -0.021839214 0.038107809 -0.589349389 0.806682706
1520621211489857280.000000 19.066883087 -1.445110440 -0.240109667 0.003023932 0.042190999 -0.625018179 0.779462457
1520621211741176064.000000 19.860773087 -1.612763524 -0.240158707 -0.005592037 0.041658670 -0.612334132 0.789480150
1520621211991218944.000000 20.625793457 -1.841724157 -0.222669080 -0.004247718 0.023241276 -0.598091900 0.801078498
1520621212196813312.000000 21.277334213 -1.990667105 -0.258708954 0.007331801 0.020657726 -0.624328494 0.780853450
1520621212446821120.000000 22.078613281 -2.144465685 -0.234117776 -0.000128058 0.023442345 -0.613291681 0.789507866
1520621212696828160.000000 22.871160507 -2.367349148 -0.214475036 0.026383713 0.027566493 -0.559322298 0.828070879
1520621212945882112.000000 23.655710220 -2.531376600 -0.227710962 0.025557490 0.051197201 -0.587511480 0.807189286
1520621213195891200.000000 24.428213120 -2.650005817 -0.203545973 0.004582201 0.043179162 -0.607575595 0.793073416
1520621213492098816.000000 25.316032410 -2.887519836 -0.209401280 -0.015929271 0.026741832 -0.577328086 0.815917969
1520621213789569536.000000 26.226167679 -3.049857378 -0.213534549 -0.025480799 0.024963481 -0.632153869 0.774020493
1520621214039576576.000000 26.979949951 -3.225530863 -0.226323977 0.024735730 0.050310370 -0.596660852 0.800532043
1520621214290564608.000000 27.696447372 -3.436444521 -0.218763113 -0.016149443 0.021225560 -0.594286203 0.803810477
1520621214541318144.000000 28.425590515 -3.554024696 -0.209627181 -0.050344344 0.038388252 -0.633559823 0.771098077
1520621214841328128.000000 29.308422089 -3.775035143 -0.226840273 -0.010754676 0.016079739 -0.589796126 0.807319760
1520621215089601792.000000 30.034532547 -3.993293047 -0.213407293 -0.020025475 0.025327876 -0.580131829 0.813881695
1520621215340771328.000000 30.751777649 -4.111269951 -0.199747428 -0.039608493 0.037587252 -0.627427280 0.776757419
1520621215540777216.000000 31.319393158 -4.235691547 -0.237263024 -0.008169389 0.036763910 -0.604622066 0.795620859
1520621215793359616.000000 32.023349762 -4.454140186 -0.225494072 -0.045301333 0.031582244 -0.578302205 0.813950717
1520621216093369600.000000 32.869541168 -4.621911049 -0.217456684 -0.038136046 -0.006970605 -0.635384262 0.771221578
1520621216344759552.000000 33.587265015 -4.793190479 -0.215607077 -0.009303776 0.034322497 -0.598655760 0.800215781
1520621216595745024.000000 34.293193817 -5.005218506 -0.206177592 -0.033444140 0.006557462 -0.585141063 0.810214341
1520621216895785984.000000 35.125564575 -5.146423817 -0.215373963 -0.051956676 0.009769386 -0.608620703 0.791697204
1520621217142629376.000000 35.789573669 -5.281739712 -0.235233828 -0.024937470 0.023823461 -0.588883460 0.807480991
1520621217439958528.000000 36.491561890 -5.453249454 -0.233555526 0.009330389 0.036604665 -0.606451154 0.794221997
1520621217739967488.000000 37.054935455 -5.516595840 -0.203252524 0.016708143 0.055568285 -0.653827012 0.754415035
1520621217989763072.000000 37.371112823 -5.591642857 -0.189168125 0.026810255 0.041549068 -0.634008169 0.771742940
1520621218241469184.000000 37.550586700 -5.648253441 -0.157563537 0.013269977 0.066235356 -0.624837577 0.777826250
1520621218742037760.000000 37.596916199 -5.648878098 -0.179437608 0.001959616 0.024502225 -0.627027392 0.778608382
1520621219242218752.000000 37.362434387 -5.533769608 -0.192118391 -0.037806809 0.011747727 -0.606822371 0.793850183
1520621219742403840.000000 37.074333191 -5.511861324 -0.177747265 -0.017459005 0.024332670 -0.584123433 0.811111450
1520621220291389696.000000 36.755012512 -5.460214615 -0.191873103 -0.016888147 -0.031739354 -0.587577581 0.808367908
1520621220690559744.000000 36.542320251 -5.410155296 -0.201737672 0.001343795 -0.044646204 -0.624832153 0.779479504
1520621221040087552.000000 36.395652771 -5.428215504 -0.190275565 -0.016168125 -0.041525282 -0.679654300 0.732176960
1520621221340096512.000000 36.319999695 -5.447142124 -0.182727084 -0.019770671 -0.044562500 -0.745945334 0.664219201
1520621221589974528.000000 36.293891907 -5.464195728 -0.183146134 -0.014035958 -0.054480385 -0.827160001 0.559141695
1520621221890137088.000000 36.290378571 -5.490901470 -0.193608373 0.002109641 0.063488036 0.907659948 -0.414869905
1520621222140145152.000000 36.288543701 -5.479086876 -0.203717902 0.011569690 0.070728034 0.954863191 -0.288268566
1520621222390797568.000000 36.282882690 -5.420669556 -0.218427718 0.022146203 0.074865490 0.989162803 -0.124340557
1520621222691697408.000000 36.286022186 -5.331928730 -0.206461519 0.020862700 0.045527644 0.997915506 0.040687215
1520621223041708544.000000 36.268936157 -5.282963276 -0.198865384 0.000886039 0.051865101 0.963881493 0.261229157
1520621223342846976.000000 36.248401642 -5.277234077 -0.202697039 -0.023000699 0.067209266 0.898427010 0.433337659
1520621223544983552.000000 36.195270538 -5.276691914 -0.210699111 -0.016158711 0.082943693 0.855175197 0.511402130
1520621223844993536.000000 36.008964539 -5.244940281 -0.237286538 -0.022793118 0.080368601 0.811827660 0.577889204
1520621224597201152.000000 35.050998688 -5.007767677 -0.295428962 -0.023023745 0.064603984 0.806849658 0.586760759
1520621224897210112.000000 34.507495880 -4.928121090 -0.235034004 -0.009862251 0.075703770 0.784395158 0.615544021
1520621225196145664.000000 33.896171570 -4.752094746 -0.234793618 -0.037046321 0.045573905 0.831383705 0.552584827
1520621225496154624.000000 33.258560181 -4.631372452 -0.246070832 0.010581840 0.052704189 0.808299780 0.586310506
1520621225793661184.000000 32.581218719 -4.514889717 -0.220961779 0.006974409 0.059479415 0.846800625 0.528526187
1520621226092255744.000000 31.868328094 -4.323537827 -0.195559606 -0.010339802 0.052015431 0.868395686 0.493026733
1520621226440754944.000000 30.996099472 -4.196861744 -0.174235612 0.012013860 0.045977890 0.820077956 0.570273340
1520621226789823488.000000 30.073488235 -3.978858232 -0.173279077 0.000859424 0.063094124 0.842444241 0.535073876
1520621227089832448.000000 29.248655319 -3.816250324 -0.190612063 0.046974000 0.054534711 0.814576268 0.575571835
1520621227391669760.000000 28.410390854 -3.638652086 -0.206082389 0.027734501 0.030769525 0.826824784 0.560930431
1520621227742087424.000000 27.426433563 -3.365232944 -0.189222351 0.025826048 0.050687671 0.824740052 0.562641740
1520621228090368256.000000 26.395753860 -3.151835442 -0.159242973 0.023270113 0.041819699 0.820616066 0.569471002
1520621228391736064.000000 25.507349014 -2.862924099 -0.128269300 0.016893407 0.049035314 0.849822223 0.524509907
1520621228691745280.000000 24.606159210 -2.683232546 -0.118411742 0.026692234 0.036677282 0.812078297 0.581781447
1520621228996452096.000000 23.689371109 -2.453640223 -0.152831376 0.064830713 0.017679935 0.842732668 0.534119964
1520621229247346176.000000 22.924634933 -2.273703098 -0.148577273 0.039140400 0.023081468 0.842445135 0.536860883
1520621229497354240.000000 22.147632599 -2.147472620 -0.129871100 0.046356484 0.056028608 0.823862791 0.562103689
1520621229797363200.000000 21.247327805 -1.898515701 -0.156675458 0.004782878 0.027389830 0.863206923 0.504081666
1520621230144348416.000000 20.195854187 -1.679844975 -0.161998361 0.046554714 0.030251144 0.828644872 0.557013094
1520621230440476928.000000 19.269445419 -1.476587415 -0.152453482 0.072795138 -0.014683688 0.847474217 0.525614798
1520621230740485888.000000 18.358343124 -1.205278158 -0.131270587 0.040421627 0.030768774 0.872432768 0.486085773
1520621231040579328.000000 17.409727097 -1.059197903 -0.099275008 0.030829737 0.024595916 0.829710126 0.556797564
1520621231342120704.000000 16.456676483 -0.795655668 -0.113133430 0.032609090 0.042339154 0.880531847 0.470963299
1520621231639947520.000000 15.511312485 -0.578432262 -0.146100849 0.039738275 0.026397686 0.856740475 0.513534307
1520621231939957504.000000 14.567463875 -0.381498963 -0.169615760 0.026301065 0.010493366 0.873461664 0.486067533
1520621232191162368.000000 13.787495613 -0.151505813 -0.137062892 0.018033242 0.014694110 0.881280959 0.472018600
1520621232441169152.000000 12.990948677 -0.009254966 -0.137502491 0.044551875 0.030420890 0.835354328 0.547056794
1520621232696539392.000000 12.199369431 0.171614677 -0.141614318 0.047440838 0.007665534 0.849519670 0.525362074
1520621232897250816.000000 11.609235764 0.376646101 -0.109566011 0.016845152 -0.000056705 0.879174352 0.476201177
1520621233147257856.000000 10.862476349 0.561263204 -0.146175891 0.044687174 0.000176541 0.847282171 0.529257834
1520621233443259136.000000 10.003358841 0.750880361 -0.140126139 0.052334949 0.013727700 0.846539795 0.529566824
1520621234041428736.000000 8.299342155 1.211172223 -0.089076601 0.040697921 0.022720242 0.850296974 0.524233639
1520621234339800832.000000 7.441432953 1.439442515 -0.102847412 0.046712071 -0.006036457 0.884963989 0.463269979
1520621234541031680.000000 6.869879246 1.609314203 -0.095125049 0.029141862 0.004962426 0.882374048 0.469618022
1520621234791039488.000000 6.147276402 1.722604275 -0.094599441 0.010430970 0.019316589 0.838254452 0.544835508
1520621235041855744.000000 5.437042713 1.881374002 -0.131170541 0.020447774 -0.026724430 0.866491020 0.498055905
1520621235241861632.000000 4.907072067 2.055018663 -0.059647840 0.029137565 -0.005117360 0.880387008 0.473331153
1520621235440323328.000000 4.371085644 2.169353485 -0.091163293 0.055726893 -0.047963087 0.862150133 0.501287580
1520621235741435136.000000 3.612116337 2.278407335 -0.089553207 0.069125503 -0.000379579 0.861231625 0.503486931
1520621235991443200.000000 3.061953545 2.431113243 -0.078488044 0.026270693 -0.012783505 0.885568678 0.463587552
1520621236497016832.000000 2.095982313 2.588234901 -0.092743710 0.032707736 -0.012723953 0.846057057 0.531933963
1520621236797466624.000000 1.641598463 2.703041077 -0.102589339 0.008537449 0.008640816 0.868094981 0.496248126
1520621238597012480.000000 0.688614249 2.981208324 -0.093429565 0.039115332 -0.002523902 0.845807076 0.532044888
1520621239097634816.000000 0.996858358 2.935013056 -0.084558092 0.024145836 0.010541348 0.817349076 0.575538397
1520621239597669120.000000 1.371996164 2.819628000 -0.094325364 0.003599009 0.022210412 0.825040638 0.564623475
1520621240097685248.000000 1.778707862 2.752819538 -0.120803222 -0.000432094 0.013900223 0.787771821 0.615808666
1520621240597700096.000000 2.224842548 2.661264420 -0.109253541 -0.015205124 0.015965540 0.758376181 0.651442707
1520621241097716224.000000 2.644915581 2.506891251 -0.120478787 -0.027140837 0.024485104 0.737235725 0.674644947
1520621241797738240.000000 3.079497337 2.408051252 -0.142877385 -0.032938723 0.043940831 0.720806122 0.690956891
1520621242296133120.000000 3.220864773 2.302853346 -0.118254080 -0.035005525 0.029158240 0.657589018 0.751997173
1520621242646145024.000000 3.216077328 2.153701544 -0.124475494 -0.044585127 0.016644113 0.544885993 0.837157726
1520621242942980608.000000 3.194147587 1.972859383 -0.117284425 -0.036719825 0.011928798 0.452885181 0.890731752
1520621243240576768.000000 3.162877560 1.798040390 -0.108764455 -0.032556944 0.015282176 0.366601229 0.929682076
1520621243539563776.000000 3.104266405 1.596388936 -0.130788416 -0.040360246 0.032521173 0.311507970 0.948828220
1520621243789571584.000000 3.034146070 1.398091912 -0.132318228 -0.060019813 0.040343806 0.266026467 0.961248696
1520621244089392896.000000 2.947191715 1.149197698 -0.131176978 -0.051700588 0.031899445 0.227471203 0.971887469
1520621244389477120.000000 2.820561409 0.871924996 -0.145994812 -0.063670814 0.020185845 0.245628595 0.967059553
1520621244689486080.000000 2.631623268 0.638723910 -0.121106774 -0.034851573 0.059496138 0.298214376 0.952004671
1520621244990166272.000000 2.392595291 0.423712969 -0.124096595 -0.039429709 0.060795967 0.296368897 0.952319980
1520621245290175744.000000 2.128496408 0.241053611 -0.093086496 -0.016533421 0.053219911 0.309688002 0.949202955
1520621245589938432.000000 1.843788147 0.065374725 -0.112044543 -0.027514083 0.040604670 0.347840101 0.936269045
1520621248539044864.000000 0.136497349 -0.636726499 0.254353374 0.019243170 0.009058617 0.174303144 0.984461486
1520621251039166976.000000 -0.036245834 -0.332067609 0.221896529 0.004200152 -0.002043434 -0.049396470 0.998767734
1520621253739192576.000000 0.151352882 -0.444492161 0.237902999 -0.072988860 -0.277431041 0.117773503 0.950701118
1520621256539185152.000000 0.410494715 -0.740872860 0.283265471 0.013462546 -0.070434183 -0.197219431 0.977732539
1520621259389263616.000000 0.847261369 -0.809455276 0.241764784 0.060103774 -0.004443727 -0.161948487 0.984956563
1520621262339380480.000000 -0.145585999 -0.291946322 0.204333231 -0.001324664 -0.045468017 0.227153406 0.972795606
1520621262789528064.000000 0.422312319 -0.316695094 -0.082909435 -0.004362687 -0.056521453 0.138789907 0.988697529
1520621263139531776.000000 0.947496891 -0.288377285 -0.189050734 -0.014968951 -0.042102039 -0.004383691 0.998991191
1520621263489542656.000000 1.381626725 -0.329308003 -0.044416510 -0.095274948 0.028777162 -0.097467102 0.990249455
1520621263889750016.000000 1.453094006 -0.575070143 0.228061169 -0.038523264 0.061071888 -0.044209108 0.996408999
1520621264189850624.000000 1.339377642 -0.815728068 0.347982854 -0.015942484 0.028484225 -0.013585906 0.999374390
1520621264539589632.000000 1.153146863 -1.047826886 0.403241992 0.033235863 0.003678112 0.005917259 0.999422908
1520621265089463808.000000 0.731697559 -1.151663661 0.153341442 0.022695595 -0.021318197 0.028645087 0.999104202
1520621265539627520.000000 0.335765123 -0.887766659 -0.104471937 -0.039936457 -0.046063572 0.021377629 0.997910678
1520621265839989760.000000 0.076908946 -0.555546761 -0.204061002 -0.103017747 -0.034872137 0.040540174 0.993240714
1520621266190143232.000000 -0.237510398 -0.186726809 -0.250562847 -0.145053566 -0.009903817 0.066765293 0.987118542
1520621266540284928.000000 -0.576840520 0.102851138 -0.196216404 -0.119540393 -0.012242687 0.188692451 0.974656284
1520621267039964160.000000 -0.642055988 0.098894201 0.173611224 -0.036275923 -0.073589139 0.263365000 0.961200833
1520621267589820416.000000 -0.066930056 -0.176782012 0.144271463 -0.045556117 -0.001718501 0.069867395 0.996513844
1520621268089872640.000000 0.356175900 -0.420011401 -0.054428250 -0.136219248 0.062976100 -0.033273563 0.988114715
1520621268590063616.000000 0.492934227 -0.668107033 0.017769150 -0.067503765 0.026735697 -0.004880279 0.997348607
1520621269139877120.000000 0.450233072 -0.844275653 0.019134980 -0.002345595 0.005693398 0.161790267 0.986805797
1520621269689914368.000000 0.430618644 -0.894324899 -0.013377424 -0.017039657 -0.004189984 0.147219837 0.988947928
1520621270139971840.000000 0.419749916 -0.927513063 0.028602816 0.001652699 -0.005554230 0.148309872 0.988923848
1520621270689950208.000000 0.413141698 -0.945023715 0.053788416 0.007515341 -0.008566781 0.144849762 0.989387929
1520621271239934720.000000 0.412160814 -0.938224554 0.065047279 0.015318305 -0.009577530 0.128964230 0.991484582
1520621271789893632.000000 0.410562813 -0.926473558 0.054897711 0.007925315 -0.011567962 0.118987359 0.992796659
1520621272289939200.000000 0.396774679 -0.919094324 0.053736128 0.014661940 -0.014309057 0.128210992 0.991535246
